2.861303687095642090e-01
-3.470729663968086243e-02
-6.150955706834793091e-02
-2.479492872953414917e-01
-2.063791826367378235e-02
1.810568869113922119e-01
1.316168606281280518e-01
2.372560501098632812e-01
1.252273023128509521e-01
-1.771909371018409729e-02
-3.291649520397186279e-01
-2.361772209405899048e-01
-4.102333188056945801e-01
-3.670615851879119873e-01
-1.828124076128005981e-01
2.856694161891937256e-02
2.954785227775573730e-01
2.243920415639877319e-01
1.227803677320480347e-01
-2.229297310113906860e-01
-1.693855673074722290e-01
-2.672493457794189453e-01
-1.618999838829040527e-01
9.373772889375686646e-02
2.074985653162002563e-01
4.711037874221801758e-01
2.701934874057769775e-01
5.624523619189858437e-04
-1.166435331106185913e-01
2.389650344848632812e-01
1.676053553819656372e-01
2.502071857452392578e-01
3.329391404986381531e-02
4.195956289768218994e-01
3.392458558082580566e-01
3.968628868460655212e-02
-2.310473024845123291e-01
-1.488136947154998779e-01
4.649612307548522949e-02
-2.071877419948577881e-01
-7.025867104530334473e-01
-3.238133490085601807e-01
-3.037908673286437988e-01
-4.135865271091461182e-01
-1.693069785833358765e-01
-5.427914857864379883e-02
-8.308815211057662964e-02
3.796098232269287109e-01
2.644042372703552246e-01
3.731295838952064514e-02
-2.323276251554489136e-01
1.390740871429443359e-01
4.405117779970169067e-02
2.531177401542663574e-01
2.451686747372150421e-02
-2.152867019176483154e-01
-2.624777257442474365e-01
-2.177372872829437256e-01
-2.955954056233167648e-03
-8.089409209787845612e-03
-4.967474564909934998e-02
-4.641115292906761169e-02
-9.982647746801376343e-02
2.154977172613143921e-01
2.934922575950622559e-01
2.741405963897705078e-01
-6.779357790946960449e-02
2.766412198543548584e-01
4.740999639034271240e-01
6.796956062316894531e-02
3.748419284820556641e-01
-2.915944531559944153e-02
-4.122829437255859375e-02
-3.023679181933403015e-02
-1.912706345319747925e-01
-2.069856226444244385e-01
-3.684062063694000244e-01
-1.327442228794097900e-01
1.682368069887161255e-01
-2.321843206882476807e-01
-6.989908218383789062e-02
1.096265669912099838e-02
1.516162604093551636e-01
6.464810669422149658e-02
2.427804097533226013e-02
1.320808231830596924e-01
-7.563252747058868408e-02
-1.183986887335777283e-01
-1.707035750150680542e-01
-4.343557730317115784e-02
1.056275144219398499e-01
7.611114531755447388e-02
-2.473197178915143013e-03
-1.296511888504028320e-01
-6.309562176465988159e-02
2.380599081516265869e-01
-1.241658926010131836e-01
-1.286040898412466049e-02
-1.776813715696334839e-01
2.480399459600448608e-01
6.044149398803710938e-02
2.624323368072509766e-01
1.285080760717391968e-01
1.561286896467208862e-01
3.597792088985443115e-01
-6.551828980445861816e-02
1.117039099335670471e-01
-1.643001474440097809e-02
-3.837759494781494141e-01
-3.162404894828796387e-01
-2.142695933580398560e-01
-2.548934817314147949e-01
-2.899008989334106445e-01
-7.968998700380325317e-02
1.810274273157119751e-01
1.755419075489044189e-01
2.390334904193878174e-01
-1.145362630486488342e-01
-4.987364262342453003e-02
-1.030461713671684265e-01
1.614356786012649536e-01
2.535690367221832275e-01
2.257911413908004761e-01
1.794442087411880493e-01
8.289638906717300415e-02
3.420898616313934326e-01
-3.714689984917640686e-02
-1.809336245059967041e-01
1.043172702193260193e-01
-8.606860041618347168e-02
-6.911405175924301147e-02
1.885220110416412354e-01
8.144406974315643311e-02
1.614490002393722534e-01
6.634125113487243652e-02
-1.380813419818878174e-01
-2.765948772430419922e-01
1.152462884783744812e-01
-4.671604186296463013e-02
-8.703917264938354492e-02
-5.749419331550598145e-02
-8.634487539529800415e-02
-5.697368085384368896e-02
4.649259522557258606e-02
-5.289153009653091431e-02
-2.616072073578834534e-02
-2.333889752626419067e-01
1.404457688331604004e-01
-2.225910723209381104e-01
-3.040312528610229492e-01
-1.345404535531997681e-01
-2.353992871940135956e-02
-1.269131600856781006e-01
4.278580844402313232e-01
2.699079811573028564e-01
-7.366853952407836914e-02
2.206607609987258911e-01
3.133859038352966309e-01
8.734031766653060913e-02
3.080079555511474609e-01
5.433320254087448120e-02
1.044776588678359985e-01
7.144454121589660645e-02
5.847838893532752991e-02
-2.918976731598377228e-02
2.416692972183227539e-01
4.526413679122924805e-01
4.286248385906219482e-01
4.034299030900001526e-02
3.699528574943542480e-01
-1.068457737565040588e-01
6.070611253380775452e-02
-2.204472720623016357e-01
1.847285404801368713e-02
-1.491940915584564209e-01
3.161391243338584900e-02
-5.013634264469146729e-02
-2.854233682155609131e-01
-3.058350682258605957e-01
-3.098012208938598633e-01
1.013656854629516602e-01
1.649950444698333740e-01
6.165232136845588684e-02
2.159536443650722504e-02
-2.080984413623809814e-01
-1.604509502649307251e-01
-6.414680182933807373e-02
-3.187388181686401367e-01
-1.574644297361373901e-01
-2.046996504068374634e-01
1.092263907194137573e-01
2.730138003826141357e-01
-3.504801392555236816e-01
-1.125089824199676514e-01
2.938106954097747803e-01
3.204293549060821533e-03
-7.735551148653030396e-02
1.414250135421752930e-01
-1.413295120000839233e-01
-6.263507902622222900e-02
2.909438312053680420e-01
-3.802510201930999756e-01
-8.130217343568801880e-02
3.870468139648437500e-01
-3.096480369567871094e-01
-2.315364032983779907e-01
9.550268203020095825e-02
-2.442230731248855591e-01
4.068928211927413940e-02
3.504920005798339844e-01
-1.782698482275009155e-01
1.816114038228988647e-02
3.185189962387084961e-01
-2.144011259078979492e-01
-2.762220613658428192e-02
7.289067655801773071e-02
-1.733879675157368183e-03
2.354325205087661743e-01
3.385052680969238281e-01
1.881533414125442505e-01
-7.323841005563735962e-02
-1.170659065246582031e-01
-2.070180922746658325e-01
-2.204973250627517700e-01
-2.897097170352935791e-02
1.340154111385345459e-01
3.555061221122741699e-01
1.242377087473869324e-01
-7.482504937797784805e-03
-2.471176087856292725e-01
-2.456611543893814087e-01
-2.215902321040630341e-02
-9.223293513059616089e-02
-1.981892585754394531e-01
1.526967734098434448e-01
2.999492585659027100e-01
2.834804356098175049e-01
2.381727397441864014e-01
-7.103220373392105103e-02
-3.064298331737518311e-01
-1.189014017581939697e-01
-1.601798534393310547e-01
-5.383860692381858826e-02
2.832477986812591553e-01
-1.322408556006848812e-03
2.727249078452587128e-02
2.367593348026275635e-01
9.778571128845214844e-02
2.110862135887145996e-01
-2.296894602477550507e-02
2.734784781932830811e-01
3.046878576278686523e-01
1.483207643032073975e-01
-2.812416553497314453e-01
-2.687319219112396240e-01
8.505431935191154480e-03
1.406542509794235229e-01
3.472550213336944580e-02
-2.178273797035217285e-01
-7.060912996530532837e-02
2.198707908391952515e-01
4.903957247734069824e-02
-2.681770920753479004e-01
-2.041221410036087036e-01
-2.319894433021545410e-01
-6.763181835412979126e-02
-1.606886684894561768e-01
-2.648360729217529297e-01
-4.345684498548507690e-02
-1.143957152962684631e-01
2.084922045469284058e-01
-3.150988519191741943e-01
1.960083544254302979e-01
4.101540893316268921e-02
-1.383439451456069946e-01
-3.196585923433303833e-02
-1.679603755474090576e-01
-2.579602599143981934e-01
4.082405567169189453e-01
3.009383678436279297e-01
-2.900969386100769043e-01
-5.954919382929801941e-02
7.171763479709625244e-02
-3.028317093849182129e-01
2.927777469158172607e-01
-8.659677952527999878e-02
-2.915641367435455322e-01
3.647851943969726562e-01
2.301397770643234253e-01
-2.759168446063995361e-01
5.754000041633844376e-03
-2.804195694625377655e-02
-1.238856539130210876e-01
1.529103964567184448e-01
3.106573410332202911e-02
-2.287687808275222778e-01
2.415367960929870605e-01
2.865785919129848480e-02
2.275502830743789673e-01
-1.424704790115356445e-01
3.493075966835021973e-01
2.001027315855026245e-01
-1.311918348073959351e-01
9.783077239990234375e-02
2.966909706592559814e-01
-1.769091188907623291e-01
1.556668579578399658e-01
2.230264097452163696e-01
-9.384083747863769531e-02
5.388215929269790649e-02
1.925773322582244873e-01
-3.241224288940429688e-01
1.821629405021667480e-01
-4.795799404382705688e-02
-3.590235710144042969e-01
2.379164695739746094e-01
4.494344443082809448e-02
-5.079872012138366699e-01
2.425307929515838623e-01
1.473821401596069336e-01
-4.812354445457458496e-01
3.683423697948455811e-01
-1.630763560533523560e-01
-2.204329520463943481e-01
1.938286274671554565e-01
-1.256558448076248169e-01
-9.673963487148284912e-02
6.415769457817077637e-02
-1.515943259000778198e-01
9.113750606775283813e-02
-4.823435544967651367e-01
-2.095985710620880127e-01
-8.558791130781173706e-02
1.391382664442062378e-01
3.121876418590545654e-01
3.067325353622436523e-01
6.824738532304763794e-02
2.003200650215148926e-01
1.159547944553196430e-03
1.533154956996440887e-02
-4.614506289362907410e-02
-9.363347291946411133e-02
1.095322519540786743e-01
-6.400049896910786629e-04
-2.570394575595855713e-01
1.217799782752990723e-01
1.484179869294166565e-02
-2.318210154771804810e-02
-4.306684136390686035e-01
-1.727796792984008789e-01
1.469219028949737549e-01
1.958286464214324951e-01
1.914384961128234863e-01
1.083881631493568420e-01
-9.734095633029937744e-02
-4.534954428672790527e-01
-2.152167111635208130e-01
2.208813652396202087e-02
2.694942653179168701e-01
-1.057571545243263245e-01
-1.450554132461547852e-01
-2.283155359327793121e-02
3.483643531799316406e-01
-1.629734933376312256e-01
-4.396987259387969971e-01
-1.892674267292022705e-01
6.545814871788024902e-02
2.849333286285400391e-01
1.127121075987815857e-01
-1.740740984678268433e-01
2.675499320030212402e-01
2.464373558759689331e-01
-5.017576739192008972e-03
-3.126356601715087891e-01
-2.732734382152557373e-01
2.673912048339843750e-01
7.486677914857864380e-02
3.106619603931903839e-02
-9.409085661172866821e-02
-5.109569430351257324e-02
-6.266859173774719238e-02
-4.118046537041664124e-02
9.657205082476139069e-03
-1.690463162958621979e-02
-7.037027925252914429e-02
-9.353788197040557861e-02
-1.336965560913085938e-01
6.596179306507110596e-02
-1.662060916423797607e-01
-1.555790454149246216e-01
4.944869875907897949e-02
1.148091778159141541e-01
-9.199191629886627197e-02
-1.130553036928176880e-01
3.267806023359298706e-02
-1.351824551820755005e-01
1.408906280994415283e-02
-6.973157823085784912e-02
3.393287956714630127e-02
3.125494346022605896e-02
-7.254221290349960327e-02
-7.000527530908584595e-02
-1.637310832738876343e-01
1.734374910593032837e-01
8.349505811929702759e-02
-8.911069482564926147e-02
1.208166703581809998e-01
-3.180893957614898682e-01
1.028954144567251205e-02
1.438143551349639893e-01
8.511191606521606445e-02
6.891150772571563721e-02
1.139768138527870178e-01
2.168337553739547729e-01
1.206347122788429260e-01
-1.713656447827816010e-02
-7.979914546012878418e-02
-2.736935615539550781e-01
9.623473882675170898e-02
7.012487202882766724e-02
-2.371233850717544556e-01
-6.216984987258911133e-02
1.732067018747329712e-02
1.792065203189849854e-01
1.939036995172500610e-01
-1.608732938766479492e-01
-5.764649435877799988e-02
1.233492568135261536e-01
-7.944976538419723511e-02
-2.133241388946771622e-03
1.443957071751356125e-02
-8.532364666461944580e-02
