1.598569750785827637e-01
3.079718053340911865e-01
3.148965537548065186e-01
-1.120386272668838501e-02
-1.521306335926055908e-01
2.326866984367370605e-01
1.318190693855285645e-01
1.960850954055786133e-01
-1.374163627624511719e-01
-7.639645040035247803e-02
-4.751101508736610413e-02
-1.232048645615577698e-01
1.027677133679389954e-01
2.197515778243541718e-02
1.300408691167831421e-01
-1.216077879071235657e-01
-4.799477756023406982e-02
1.180940493941307068e-01
-2.480704188346862793e-01
1.213409453630447388e-01
8.684088476002216339e-03
6.592037528753280640e-02
1.729424744844436646e-01
-3.508621081709861755e-02
2.674343883991241455e-01
-6.399962306022644043e-02
-2.125888019800186157e-01
8.714044094085693359e-02
-6.798931956291198730e-02
1.561865359544754028e-01
-1.236615404486656189e-01
2.809301912784576416e-01
